6
6
6
6
6
6
15
15
15
19
19
19
19
19
22
22
22
22
22
5
5
5
5
5
5
3
3
3
3
3
3
5
5
5
5
5
5
19
19
19
19
19
19
19
19
19
19
19
19
22
22
22
22
22
4
4
4
4
4
22
22
22
22
22
5
5
5
5
5
19
19
19
19
15
15
15
15
15
19
19
19
19
2
2
2
2
2
2
2
2
2
22
22
22
22
22
19
19
19
19
19
15
15
15
15
3
3
3
3
3
3
5
5
5
19
19
19
19
19
22
22
22
22
22
4
4
4
4
4
22
22
22
22
22
5
5
5
5
5
19
19
19
19
6
6
6
6
6
6
22
22
22
22
19
19
19
19
2
2
2
6
6
6
6
6
6
6
6
3
3
15
15
15
5
5
5
5
19
19
19
19
19
19
2
2
2
19
22
22
22
22
22
22
22
22
22
22
3
3
19
19
19
19
22
22
22
22
22
22
22
22
22
22
22
15
15
15
15
15
19
15
5
5
19
22
