7
7
7
7
7
7
7
7
0
0
0
0
0
0
0
6
6
6
6
6
6
6
4
4
4
4
4
4
4
3
3
3
3
3
3
3
7
7
7
7
7
7
7
1
1
1
1
1
1
1
0
0
0
0
0
0
0
3
3
3
3
3
3
3
3
2
2
2
2
2
2
1
1
1
1
1
1
1
1
1
4
4
4
4
4
4
4
4
4
4
4
4
4
4
4
4
0
0
0
0
0
0
0
0
0
0
20
20
20
20
20
20
20
20
20
5
5
5
5
5
5
5
5
5
20
20
20
20
20
20
20
20
20
7
7
7
7
7
7
7
20
20
20
20
20
20
20
20
20
2
2
2
2
2
2
2
2
2
2
2
2
2
2
2
2
2
2
5
5
5
5
5
3
3
3
3
3
3
3
5
5
5
5
5
5
5
2
2
2
2
2
2
2
2
2
20
20
20
20
20
20
20
20
20
6
6
6
6
6
6
6
6
6
1
1
1
1
1
1
1
1
0
0
0
0
0
0
0
6
6
6
6
6
6
6
20
20
20
20
20
20
20
20
20
4
4
4
4
4
4
4
5
5
5
5
5
5
5
5
5
6
6
6
6
6
6
6
6
6
6
6
6
6
0
0
0
0
0
0
0
0
7
7
7
7
7
7
7
3
3
3
3
3
3
3
7
7
7
7
7
7
7
3
3
3
3
3
3
3
