22
22
22
22
22
22
22
22
4
4
4
4
4
4
4
2
2
2
2
2
2
12
12
12
12
12
12
5
5
5
5
5
5
22
22
22
22
22
22
0
0
0
0
0
0
5
5
5
5
5
5
1
1
1
1
1
1
4
4
4
4
4
4
4
4
3
3
3
3
3
3
12
12
12
12
12
12
1
1
1
1
1
1
1
1
1
1
1
1
1
1
1
3
3
3
3
3
3
3
3
3
3
3
3
4
4
4
4
4
4
1
1
1
1
1
1
12
12
12
12
12
12
16
16
16
16
16
22
22
22
22
22
6
6
6
6
6
6
6
5
5
5
5
5
6
6
6
6
6
2
2
2
2
2
2
0
0
0
0
0
0
0
0
1
1
1
1
1
1
1
1
1
16
16
16
16
16
16
16
16
16
16
16
16
16
16
22
22
22
22
22
22
6
6
6
6
6
6
0
0
0
0
0
0
0
12
12
12
12
12
12
12
12
12
12
12
12
4
4
4
4
4
4
0
0
0
0
0
0
5
5
5
5
5
5
5
16
16
16
16
16
16
16
16
2
2
2
2
2
2
22
22
22
22
22
22
22
22
5
5
5
5
5
5
12
12
12
12
12
12
