6
6
6
6
6
6
6
6
6
6
2
2
2
2
2
2
2
2
2
2
20
20
20
20
20
20
20
20
20
19
19
19
19
19
19
19
19
4
4
4
4
4
4
4
3
3
3
3
3
3
3
3
3
3
3
3
3
3
3
3
3
3
3
3
3
3
0
0
0
0
0
0
0
0
0
0
0
0
0
0
19
19
19
19
19
0
0
0
0
0
0
0
5
5
5
5
5
5
19
19
19
19
19
1
1
1
1
1
1
1
1
1
1
1
1
5
5
5
5
5
5
5
5
5
5
5
5
3
3
3
3
3
3
3
3
7
7
7
7
7
7
20
20
20
20
20
20
0
0
0
0
0
0
0
0
0
0
0
0
2
2
2
2
2
2
20
20
20
20
20
20
2
2
2
2
2
2
2
2
6
6
6
6
6
6
1
1
1
1
1
1
3
3
3
3
3
3
3
3
3
3
3
3
4
4
4
4
4
4
4
4
4
4
4
4
7
7
7
7
7
7
7
7
7
7
7
7
4
4
4
4
4
4
4
4
19
19
19
19
19
19
19
19
19
19
19
19
6
6
6
6
6
6
6
6
