22
22
22
22
22
22
4
4
4
4
4
4
4
4
4
4
4
4
4
4
22
22
22
22
22
22
22
22
3
3
3
3
22
22
22
22
22
4
4
4
4
4
22
22
22
22
22
22
4
4
4
4
4
4
4
4
13
13
13
13
13
13
13
13
13
13
13
13
13
13
13
13
13
13
4
4
4
4
11
11
11
11
11
11
4
4
4
4
4
19
19
19
19
19
19
15
15
15
22
22
22
22
22
22
19
19
19
19
22
22
22
22
22
4
4
4
4
4
2
2
2
2
2
13
13
13
13
13
13
13
13
13
13
11
11
11
11
11
11
11
13
13
13
13
13
13
13
3
3
3
3
6
6
6
6
6
6
6
3
3
3
3
3
3
19
19
19
19
19
19
11
11
11
11
11
11
11
4
4
4
4
4
19
19
19
19
19
13
13
13
13
13
13
13
13
13
13
13
13
11
11
11
11
11
11
2
2
2
2
2
11
11
11
11
11
4
4
4
4
4
13
13
13
13
13
3
3
3
3
3
4
4
4
4
11
11
11
11
11
4
4
4
4
4
5
5
5
5
5
6
6
6
6
6
13
13
13
13
3
3
3
3
3
3
3
3
13
13
13
13
13
13
13
2
2
2
2
2
2
2
2
5
5
5
5
5
5
5
15
15
15
15
15
15
15
15
15
