4
4
4
4
4
4
4
1
1
1
1
1
1
1
1
3
3
3
3
3
3
3
3
3
3
0
0
0
0
4
4
4
4
4
4
4
4
2
2
2
2
2
5
5
5
5
5
5
2
2
2
2
2
2
3
3
3
3
12
12
12
12
12
12
1
1
1
1
1
1
1
1
3
3
3
3
20
20
20
20
20
20
20
20
20
20
20
20
2
2
2
2
4
4
4
4
4
4
5
5
5
5
5
5
5
4
4
4
4
4
4
4
2
2
2
2
2
2
2
4
4
4
4
4
4
4
3
3
3
3
3
3
3
3
3
3
1
1
1
1
1
1
1
1
1
1
1
1
1
1
1
6
6
6
6
6
6
6
6
6
6
6
6
6
6
0
0
0
0
3
3
3
3
3
3
3
3
3
3
5
5
5
5
5
5
5
4
4
4
4
4
4
4
2
2
2
0
0
0
0
3
3
3
3
6
6
6
6
6
6
6
20
20
20
20
20
20
20
20
20
20
20
20
6
6
6
6
6
6
6
6
6
6
6
6
1
1
1
1
1
1
1
1
1
1
1
1
6
6
6
6
6
6
1
1
1
1
1
20
20
20
20
20
20
2
2
2
2
2
2
2
2
2
2
5
5
5
5
5
5
5
2
2
2
2
2
2
2
6
6
6
20
20
20
20
20
20
20
20
20
20
20
20
20
20
20
20
20
20
12
12
12
12
12
12
12
12
12
12
12
12
