8
8
8
8
8
8
4
4
4
4
4
4
4
4
8
8
8
8
8
8
8
8
8
8
0
0
0
0
0
0
0
1
1
1
1
1
1
1
1
8
8
8
8
8
15
15
8
15
15
15
15
15
15
15
15
22
22
22
22
22
22
22
22
22
22
22
8
22
8
8
8
1
1
1
1
1
1
1
19
19
19
19
19
8
8
8
8
8
8
8
8
8
8
8
8
8
4
4
4
4
4
2
2
2
2
2
2
2
2
2
2
2
2
2
2
2
19
19
19
8
8
8
8
8
8
8
8
8
8
8
15
15
15
15
8
8
8
8
8
8
8
8
0
0
8
0
0
0
0
0
0
0
0
0
8
8
8
8
8
8
8
8
19
19
19
8
8
8
8
8
8
15
15
15
15
15
15
15
15
15
15
15
15
15
15
15
19
19
19
15
19
19
19
19
19
19
22
22
19
22
22
19
22
19
22
19
4
4
4
22
22
4
22
8
8
4
8
8
1
8
1
1
1
1
1
