5
5
5
5
5
5
5
3
3
3
3
3
3
3
3
3
1
1
1
1
1
1
1
0
0
0
0
0
4
4
4
4
4
0
0
0
0
0
0
0
0
0
6
6
6
6
6
6
2
2
2
2
2
2
4
4
4
4
4
4
4
4
4
7
7
7
7
7
7
7
7
7
1
1
1
1
1
1
1
1
1
7
7
7
7
7
7
7
5
5
5
5
5
5
5
5
5
5
5
5
5
5
5
4
4
4
4
4
6
6
6
6
6
6
5
5
5
5
5
5
5
19
19
19
19
19
19
19
19
19
2
2
2
2
2
2
0
0
0
0
0
0
1
1
1
1
1
1
5
5
5
5
5
5
0
0
0
0
0
0
0
2
2
2
2
2
2
20
20
20
20
20
20
20
20
20
1
1
1
1
1
1
3
3
3
3
3
3
3
6
6
6
6
6
6
6
0
0
0
0
0
3
3
3
3
3
3
3
3
4
4
4
4
4
4
4
20
20
20
20
20
20
20
20
20
7
7
7
7
7
7
7
7
19
19
19
19
19
19
19
19
19
19
19
19
19
19
19
19
19
19
4
4
4
4
4
4
4
2
2
2
2
2
2
2
1
1
1
1
1
1
1
0
0
0
0
0
0
0
20
20
20
20
20
20
20
1
1
1
1
1
1
1
19
19
19
19
19
19
0
0
0
0
0
0
0
0
0
6
6
6
6
6
6
6
2
2
2
2
2
2
2
3
3
3
3
3
3
2
2
2
2
2
2
2
20
20
20
20
20
20
20
20
20
20
20
20
20
20
6
6
6
6
6
6
6
5
5
5
5
5
5
5
4
4
4
4
4
4
4
4
4
7
7
7
7
7
7
