7
7
7
7
7
7
7
7
0
0
0
0
0
0
0
3
3
3
3
3
3
3
6
6
6
6
6
6
6
7
7
7
7
7
7
7
2
2
2
2
2
2
4
4
4
4
4
4
4
4
4
0
0
0
0
0
0
0
3
3
3
3
3
3
3
3
7
7
7
7
7
7
7
3
3
3
3
3
3
3
0
0
0
0
0
0
0
0
0
0
5
5
5
5
5
5
5
5
5
0
0
0
0
0
0
0
4
4
4
4
4
4
4
6
6
6
6
6
6
6
6
2
2
2
2
2
2
2
2
2
1
1
1
1
1
1
1
1
1
19
19
19
19
19
19
19
19
19
4
4
4
4
4
4
4
1
1
1
1
1
1
1
6
6
6
6
6
6
6
6
6
1
1
1
1
1
1
1
1
19
19
19
19
19
19
19
19
19
2
2
2
2
2
2
2
2
2
6
6
6
6
6
6
6
0
0
0
0
0
0
0
0
7
7
7
7
7
7
7
19
19
19
19
19
19
19
19
19
3
3
3
3
3
3
3
7
7
7
7
7
7
7
3
3
3
3
3
3
3
5
5
5
5
5
5
5
5
5
5
5
5
5
5
5
5
19
19
19
19
19
19
19
19
19
2
2
2
2
2
2
2
2
2
5
5
5
5
5
6
6
6
6
6
4
4
4
4
4
4
4
19
19
19
19
19
19
19
19
19
