1
1
1
1
1
1
1
3
3
3
3
3
3
3
3
3
0
0
0
0
0
5
5
5
5
5
5
5
4
4
4
4
4
0
0
0
0
0
0
0
0
0
6
6
6
6
6
6
2
2
2
2
2
2
4
4
4
4
4
4
4
4
4
7
7
7
7
7
7
7
7
7
5
5
5
5
5
5
7
7
7
7
7
7
7
1
1
1
1
1
1
1
1
1
5
5
5
5
5
5
5
5
5
4
4
4
4
4
5
5
5
5
5
5
5
6
6
6
6
6
6
19
19
19
19
19
19
19
19
19
0
0
0
0
0
0
0
1
1
1
1
1
1
2
2
2
2
2
2
20
20
20
20
20
20
20
20
20
3
3
3
3
3
3
3
6
6
6
6
6
6
6
0
0
0
0
0
4
4
4
4
4
4
4
19
19
19
19
19
19
19
19
19
19
19
19
19
19
19
19
19
19
2
2
2
2
2
2
5
5
5
5
5
5
1
1
1
1
1
1
0
0
0
0
0
0
1
1
1
1
1
1
1
0
0
0
0
0
0
0
2
2
2
2
2
2
2
20
20
20
20
20
20
20
4
4
4
4
4
4
4
20
20
20
20
20
3
3
3
3
3
3
6
6
6
6
6
6
6
2
2
2
2
2
2
2
7
7
7
7
7
7
7
7
7
7
7
7
7
7
20
20
20
20
20
20
20
20
20
3
3
3
3
3
3
3
3
1
1
1
1
1
1
1
2
2
2
2
2
2
2
19
19
19
19
19
19
0
0
0
0
0
0
0
0
0
20
20
20
20
20
20
20
20
20
4
4
4
4
4
4
4
4
4
5
5
5
5
5
5
5
6
6
6
6
6
6
6
