20
20
20
20
20
20
20
20
3
3
3
3
3
3
3
3
0
0
0
0
0
0
0
0
0
0
0
6
6
6
6
6
6
6
6
6
4
4
4
4
4
4
4
4
16
16
16
16
16
16
16
16
12
12
12
12
12
12
12
12
12
19
19
19
19
19
19
19
19
19
19
19
7
7
7
7
7
7
7
7
2
2
2
2
2
2
2
2
5
5
5
5
5
5
5
5
2
2
2
2
2
2
2
2
19
19
19
19
19
19
19
19
3
3
3
3
3
3
3
3
7
7
7
7
7
7
7
6
6
6
6
6
6
6
6
3
3
3
3
3
3
3
1
1
1
1
1
1
1
1
1
1
1
1
0
0
0
0
0
0
0
0
3
3
3
3
3
3
3
7
7
7
7
7
7
7
16
16
16
16
16
16
16
0
0
0
0
0
0
0
12
12
12
12
12
12
12
20
20
20
20
20
20
20
16
16
16
16
16
16
16
19
19
19
19
19
19
19
16
16
16
16
16
16
16
16
19
19
19
19
19
19
19
19
5
5
5
5
5
5
5
6
6
6
6
6
6
6
20
20
20
20
20
20
20
20
7
7
7
7
7
7
7
7
12
12
12
12
12
12
12
12
4
4
4
4
4
4
4
4
0
0
0
0
0
0
0
20
20
20
20
20
20
20
20
2
2
2
2
2
2
2
2
4
4
4
4
4
4
4
4
19
19
19
19
19
19
19
19
20
20
20
20
20
20
20
20
