4
4
4
4
4
4
5
5
5
5
5
19
19
19
19
19
0
0
0
0
0
0
0
0
19
19
19
19
19
19
19
3
3
3
3
3
1
1
1
1
1
0
0
0
0
0
0
0
0
2
2
2
2
2
2
1
1
1
1
1
1
1
1
20
20
20
20
20
6
6
6
6
6
3
3
3
3
3
4
4
4
4
4
19
19
19
19
19
0
0
0
0
0
20
20
20
20
20
20
20
20
20
20
2
2
2
2
2
2
2
2
1
1
1
1
1
1
1
1
1
1
5
5
5
5
5
2
2
2
2
2
3
3
3
3
3
3
3
3
5
5
5
5
5
3
3
3
3
3
20
20
20
20
20
4
4
4
4
4
4
4
4
6
6
6
6
6
2
2
2
2
2
5
5
5
5
5
5
5
5
6
6
6
6
6
6
6
6
6
0
0
0
0
0
0
1
1
1
1
1
1
3
3
3
3
3
3
5
5
5
5
5
6
6
6
6
6
6
3
3
3
3
3
5
5
5
5
5
5
2
2
2
2
2
1
1
1
1
1
3
3
3
3
3
3
3
19
19
19
19
19
19
19
19
5
5
5
5
5
19
19
19
19
19
4
4
4
4
4
1
1
1
1
1
2
2
2
2
2
3
3
3
3
3
20
20
20
20
20
6
6
6
6
6
20
20
20
20
20
20
20
20
20
20
20
2
2
2
2
2
3
3
3
3
3
