5
5
5
5
5
5
5
3
3
3
3
3
3
3
3
3
4
4
4
4
4
1
1
1
1
1
1
1
0
0
0
0
0
6
6
6
6
6
6
0
0
0
0
0
0
0
0
0
2
2
2
2
2
2
4
4
4
4
4
4
4
4
4
7
7
7
7
7
7
7
7
7
1
1
1
1
1
1
1
1
1
7
7
7
7
7
7
7
5
5
5
5
5
5
5
5
5
5
5
5
5
5
5
4
4
4
4
4
5
5
5
5
5
5
5
6
6
6
6
6
6
1
1
1
1
1
1
2
2
2
2
2
2
19
19
19
19
19
19
19
19
19
5
5
5
5
5
5
0
0
0
0
0
0
0
0
0
0
0
0
0
1
1
1
1
1
1
2
2
2
2
2
2
20
20
20
20
20
20
20
20
20
3
3
3
3
3
3
3
6
6
6
6
6
6
6
0
0
0
0
0
20
20
20
20
20
20
20
20
20
7
7
7
7
7
7
7
7
3
3
3
3
3
3
3
3
4
4
4
4
4
4
4
19
19
19
19
19
19
19
19
19
19
19
19
19
19
19
19
19
19
0
0
0
0
0
0
0
1
1
1
1
1
1
1
4
4
4
4
4
4
4
2
2
2
2
2
2
2
20
20
20
20
20
20
20
3
3
3
3
3
3
0
0
0
0
0
0
0
0
0
2
2
2
2
2
2
2
19
19
19
19
19
19
2
2
2
2
2
2
2
6
6
6
6
6
6
6
1
1
1
1
1
1
1
20
20
20
20
20
20
20
20
20
20
20
20
20
20
5
5
5
5
5
5
5
4
4
4
4
4
4
4
4
4
6
6
6
6
6
6
6
7
7
7
7
7
7
