3
3
3
3
3
3
3
3
3
3
4
4
4
4
4
4
4
1
1
1
1
1
1
1
1
12
12
12
12
12
12
5
5
5
5
5
5
2
2
2
2
2
2
4
4
4
4
4
4
4
4
0
0
0
0
0
0
0
0
3
3
3
3
2
2
2
2
2
2
2
2
2
2
5
5
5
5
5
5
5
3
3
3
3
3
3
3
3
3
3
0
0
0
0
0
0
0
12
12
12
12
12
4
4
4
4
4
4
5
5
5
5
5
5
5
0
0
0
0
0
0
0
0
0
0
0
5
5
5
5
5
5
5
5
5
5
5
5
5
5
5
5
5
5
5
0
0
0
0
0
0
0
3
3
3
3
6
6
6
6
6
6
6
20
20
20
20
20
20
20
20
20
20
20
20
2
2
2
2
20
20
20
20
20
20
12
12
12
12
12
12
12
12
12
12
12
1
1
1
1
1
1
1
1
1
1
1
1
1
1
1
1
6
6
6
6
6
6
6
6
6
6
6
6
6
6
12
12
12
12
12
20
20
20
20
20
20
20
20
20
20
20
20
0
0
0
0
0
0
2
2
2
2
2
2
3
3
3
3
3
3
3
3
3
3
3
3
3
3
3
2
2
2
2
12
12
12
12
12
12
3
3
3
3
3
3
3
2
2
2
3
3
3
3
