3
3
3
3
3
3
3
3
3
3
1
1
1
1
1
1
1
1
4
4
4
4
4
4
4
12
12
12
12
12
12
12
12
12
12
12
5
5
5
5
5
2
2
2
2
2
2
2
2
2
2
4
4
4
4
4
4
3
3
3
3
4
4
4
4
4
4
4
4
2
2
2
2
3
3
3
3
2
2
2
2
3
3
3
3
3
3
3
3
3
3
5
5
5
5
5
5
2
2
2
2
2
2
0
0
0
0
12
12
12
12
12
12
12
12
12
12
12
20
20
20
20
20
20
20
20
20
20
20
20
20
20
20
20
20
20
3
3
3
3
3
3
3
3
3
3
2
2
2
2
2
2
20
20
20
20
20
20
1
1
1
1
1
1
6
6
6
6
6
6
1
1
1
1
1
6
6
6
2
2
2
5
5
5
5
5
5
5
0
0
0
0
0
0
0
5
5
5
5
5
5
5
0
0
0
0
0
0
3
3
3
3
3
12
12
12
12
12
12
6
6
6
6
6
1
1
1
1
1
0
0
0
0
5
5
5
5
5
5
5
3
3
3
3
6
6
6
6
6
6
6
0
0
0
0
0
0
0
5
5
5
5
5
5
5
20
20
20
20
20
20
0
0
0
0
0
0
0
3
3
3
3
3
3
3
0
0
0
0
12
12
12
12
12
