12
12
12
12
12
12
16
16
16
16
16
16
16
16
4
4
4
4
4
4
6
6
6
6
6
6
6
2
2
2
2
2
2
3
3
3
3
3
3
0
0
0
0
0
0
12
12
12
12
12
12
5
5
5
5
5
5
1
1
1
1
1
1
3
3
3
3
3
3
22
22
22
22
22
22
22
22
16
16
16
16
16
4
4
4
4
4
4
4
4
1
1
1
1
1
1
1
1
3
3
3
3
3
3
22
22
22
22
22
22
22
22
6
6
6
6
6
0
0
0
0
0
0
16
16
16
16
16
16
16
16
1
1
1
1
1
1
1
22
22
22
22
22
12
12
12
12
12
12
5
5
5
5
5
12
12
12
12
12
12
2
2
2
2
2
2
12
12
12
12
12
12
22
22
22
22
22
22
4
4
4
4
4
4
4
0
0
0
0
0
0
0
1
1
1
1
1
1
1
1
1
5
5
5
5
5
5
16
16
16
16
16
16
0
0
0
0
0
0
0
0
6
6
6
6
6
6
12
12
12
12
12
12
2
2
2
2
2
2
4
4
4
4
4
4
1
1
1
1
1
1
22
22
22
22
22
22
5
5
5
5
5
5
5
5
5
5
5
5
5
