5
5
5
5
5
5
5
5
5
5
5
5
11
11
11
11
11
11
11
11
11
11
11
11
11
11
11
11
11
11
11
11
11
11
4
4
4
4
4
4
4
4
4
4
4
4
4
19
19
19
19
19
19
19
19
22
22
19
19
19
19
5
5
5
5
5
19
19
19
19
5
5
5
5
5
5
5
22
22
5
5
5
5
5
5
5
5
5
5
5
5
2
2
2
2
2
2
2
2
2
2
2
15
15
15
15
15
19
19
19
19
19
4
4
4
4
4
4
19
19
19
19
19
4
4
4
4
4
4
4
4
4
4
4
4
4
4
4
4
4
4
4
4
22
22
22
22
22
4
4
4
4
4
4
4
4
4
11
11
11
11
22
22
22
22
22
22
10
10
10
10
10
10
10
10
10
10
10
10
22
22
22
22
22
22
15
15
15
15
11
11
11
11
2
2
2
2
2
2
2
2
2
2
19
19
19
19
