1
1
1
1
1
1
1
1
2
2
2
2
2
12
12
12
12
12
12
12
1
1
1
1
1
0
0
0
0
0
0
1
1
1
1
1
1
1
1
2
2
2
2
2
0
0
0
0
0
0
0
0
0
12
12
12
12
12
12
12
1
1
1
1
1
1
1
0
0
0
0
0
0
0
0
0
0
0
1
1
1
1
1
1
2
2
2
2
2
2
2
2
2
1
1
1
1
1
1
1
1
1
1
5
5
5
5
5
5
5
5
5
5
5
5
5
5
5
5
5
5
1
1
1
1
1
1
1
0
0
0
0
0
0
0
0
0
0
0
0
0
2
2
2
2
2
2
2
2
2
2
2
2
2
2
4
4
4
4
4
4
4
4
4
12
12
12
12
12
12
12
12
4
4
4
4
4
4
12
12
12
12
12
12
12
12
12
12
12
3
3
3
3
3
3
3
3
3
3
3
3
3
3
3
3
3
3
3
3
3
3
3
3
6
6
6
6
6
6
6
6
6
6
6
6
6
6
6
6
6
6
6
6
6
