6
6
6
6
6
6
6
6
6
6
20
20
20
20
20
20
20
20
20
2
2
2
2
2
2
2
2
2
2
0
0
0
0
0
0
0
5
5
5
5
5
5
4
4
4
4
4
4
4
0
0
0
0
0
0
3
3
3
3
3
3
3
3
3
3
3
3
3
3
0
0
0
0
0
0
0
0
0
0
0
0
20
20
20
20
20
20
20
20
20
20
20
20
2
2
2
2
2
2
2
2
3
3
3
3
3
3
3
3
7
7
7
7
7
7
2
2
2
2
2
2
1
1
1
1
1
1
6
6
6
6
6
6
3
3
3
3
3
3
3
3
3
3
3
3
19
19
19
19
19
19
19
19
19
19
19
19
6
6
6
6
6
6
6
6
4
4
4
4
4
4
4
4
1
1
1
1
1
1
1
1
1
1
1
1
7
7
7
7
7
7
7
7
7
7
7
7
4
4
4
4
4
4
4
4
4
4
4
4
5
5
5
5
5
5
5
5
5
5
5
5
0
0
0
0
0
0
0
0
3
3
3
3
3
3
3
3
